0.67625
0.6173
0.6173
0.6173
0.6173
0.6173
0.6173
0.6173
0.6173
0.6173
0.6173
0.6173
0.6173
0.6173
0.6173
0.6173
0.6173
0.6173
0.5888
0.958
0.833875
0.833875
0.833875
0.833875
0.833875
0.833875
0.833875
0.833875
0.833875
0.833875
0.833875
0.833875
0.833875
0.833875
0.833875
0.833875
0.833875
0.833875
0.833875
0.833875
0.833875
0.829175
1.41195
1.18173
1.77023
1.4406
1.4406
1.4406
2.23155
1.77647
1.77647
2.92363
3.7741
2.98763
2.98763
2.9555
2.9555
2.89125
2.85913
2.79488
2.73063
2.73063
2.63425
2.50575
2.40938
2.34513
2.24875
2.15237
2.12025
2.056
2.02387
1.799
1.12437
0.0814
