0.356775
0.32845
0.32845
0.32845
0.32845
0.32845
0.32845
0.32845
0.32845
0.32845
0.32845
0.32845
0.32845
0.32845
0.32845
0.32845
0.32845
0.32845
0.32845
0.32845
0.32845
0.32845
0.32845
0.32845
0.32845
0.32845
0.32185
0.473425
0.414625
0.414625
0.414625
0.414625
0.414625
0.414625
0.372325
0.6876
0.5868
0.5868
0.5868
0.5868
0.5868
0.5868
0.5868
0.5868
0.5868
0.5868
0.5868
0.5868
0.5868
0.5868
0.5868
0.5868
0.5868
0.5868
0.5868
0.5868
0.5868
0.5868
0.5868
0.8615
1.12033
0.88835
1.36027
1.72645
1.34925
1.25287
1.25287
1.25287
1.25287
1.1565
1.1565
1.1565
1.09225
1.028
1.028
0.931625
0.931625
0.83525
0.803125
0.70675
0.546125
0.44975
0.091575
