0.07975
0.0695
0.0695
0.0695
0.0695
0.0695
0.0695
0.0695
0.0695
0.0695
0.0695
0.0695
0.0695
0.0695
0.0695
0.0695
0.0695
0.0695
0.0695
0.0695
0.0695
0.0695
0.0695
0.0695
0.0695
0.0695
0.0695
0.0695
0.0695
0.0695
0.0695
0.0695
0.0695
0.0695
0.0695
0.0695
0.0695
0.0695
0.0695
0.0695
0.0695
0.0695
0.0695
0.0695
0.0695
0.0695
0.0695
0.0695
0.0695
0.0695
0.0695
0.0695
0.0695
0.0695
0.0695
0.0695
0.0695
0.0695
0.0695
0.0695
0.0695
0.0695
0.0695
0.0695
0.0695
0.0695
0.0695
0.0695
0.0695
0.0695
0.0695
0.0695
0.0695
0.0695
0.0695
0.0695
0.0695
0.0695
0.0695
0.0695
0.0695
0.0695
0.0695
0.0695
0.0695
0.0695
0.0695
0.0695
0.0695
0.0695
0.0695
0.0695
0.0695
0.0695
0.0695
0.0695
0.0695
0.0695
0.0695
0.0695
0.0695
0.0695
0.0695
0.0695
0.0695
0.0695
0.0695
0.0695
0.0695
0.0695
0.0695
0.0695
0.0695
0.0695
0.0695
0.0695
0.0695
0.0695
0.0695
0.0695
0.0695
0.0695
0.0695
0.0695
0.0695
0.0695
0.0695
0.0695
0.0695
0.0695
0.0695
0.0695
0.0695
0.0695
0.0695
0.0695
0.0695
0.0695
0.0695
0.0695
0.0695
0.0695
0.0695
0.0695
0.0695
0.0695
0.0695
0.0695
0.0695
0.0695
0.0695
0.0695
0.0695
0.0695
0.0695
0.0695
0.0695
0.0695
0.0695
0.0695
0.0695
0.0695
0.0695
0.0695
0.0695
0.0695
0.0695
0.0695
0.0695
0.06754
0.078745
0.062115
0.062115
0.062115
0.062115
0.062115
0.062115
0.062115
0.062115
0.062115
0.062115
0.062115
0.062115
0.062115
0.062115
0.062115
0.062115
0.062115
0.062115
0.062115
0.062115
0.062115
0.062115
0.062115
0.062115
0.062115
0.062115
0.062115
0.062115
0.062115
0.062115
0.062115
0.062115
0.062115
0.062115
0.062115
0.062115
0.062115
0.062115
0.062115
0.062115
0.062115
0.062115
0.062115
0.062115
0.062115
0.062115
0.062115
0.062115
0.062115
0.062115
0.062115
0.062115
0.062115
0.062115
0.062115
0.062115
0.062115
0.062115
0.062115
0.062115
0.062115
0.062115
0.062115
0.062115
0.062115
0.062115
0.062115
0.062115
0.062115
0.062115
0.062115
0.062115
0.062115
0.062115
0.062115
0.062115
0.062115
0.062115
0.062115
0.062115
0.062115
0.062115
0.062115
0.062115
0.062115
0.062115
0.062115
0.062115
0.062115
0.062115
0.062115
0.062115
0.062115
0.062115
0.062115
0.062115
0.062115
0.062115
0.062115
0.062115
0.062115
0.062115
0.062115
0.062115
0.062115
0.062115
0.062115
0.062115
0.062115
0.062115
0.062115
0.062115
0.062115
0.062115
0.062115
0.062115
0.062115
0.062115
0.062115
0.062115
0.062115
0.062115
0.062115
0.062115
0.062115
0.062115
0.062115
0.062115
0.062115
0.062115
0.062115
0.062115
0.062115
0.062115
0.062115
0.062115
0.062115
0.062115
0.062115
0.062115
0.062115
0.062115
0.062115
0.062115
0.062115
0.062115
0.062115
0.062115
0.062115
0.062115
0.062115
0.062115
0.062115
0.062115
0.062115
0.062115
0.062115
0.062115
0.062115
0.062115
0.062115
0.062115
0.062115
0.062115
0.062115
0.062115
0.062115
0.062115
0.062115
0.062115
0.062115
0.062115
0.062115
0.062115
0.062115
0.062115
0.062115
0.092275
0.06701
0.06701
0.06701
0.06701
0.06701
0.06701
0.06701
0.06701
0.06701
0.06701
0.06701
0.06701
0.06701
0.06701
0.06701
0.06701
0.06701
0.06701
0.06701
0.06701
0.06701
0.06701
0.06701
0.06701
0.06701
0.06701
0.06701
0.06701
0.06701
0.06701
0.06701
0.06701
0.06701
0.06701
0.06701
0.06701
0.06701
0.06701
0.06701
0.06701
0.06701
0.06701
0.06701
0.06701
0.06701
0.06701
0.06701
0.06701
0.06701
0.06701
0.06701
0.06701
0.06701
0.06701
0.06701
0.06701
0.06701
0.06701
0.06701
0.06701
0.06701
0.06701
0.06701
0.06701
0.06701
0.06701
0.06701
0.06701
0.06701
0.06701
0.06701
0.06701
0.06701
0.06701
0.06701
0.06701
0.06701
0.06701
0.06701
0.06701
0.06701
0.06701
0.06701
0.06701
0.06701
0.06701
0.06701
0.06701
0.06701
0.06701
0.06701
0.06701
0.06701
0.06701
0.06701
0.06701
0.06701
0.06701
0.06701
0.06701
0.06701
0.06701
0.06701
0.06701
0.06701
0.06701
0.06701
0.06701
0.06701
0.06701
0.06701
0.06701
0.06701
0.06701
0.06701
0.06701
0.06701
0.06701
0.06701
0.06701
0.06701
0.06701
0.06701
0.06701
0.06701
0.06701
0.06701
0.06701
0.06701
0.06701
0.06701
0.06701
0.06701
0.06701
0.06701
0.06701
0.06701
0.06701
0.06701
0.06701
0.06701
0.06701
0.06701
0.06701
0.06701
0.06701
0.06701
0.06701
0.06701
0.06701
0.06701
0.06701
0.06701
0.06701
0.06701
0.06701
0.06701
0.06701
0.06701
0.06701
0.06701
0.06701
0.06701
0.06701
0.06701
0.06701
0.06701
0.06701
0.06701
0.06701
0.06701
0.06701
0.06701
0.06701
0.06701
0.06701
0.06701
0.06701
0.06701
0.06701
0.06701
0.06701
0.06701
0.06701
0.06701
0.06701
0.06701
0.06701
0.06701
0.06701
0.06701
0.06701
0.06701
0.06701
0.06701
0.06701
0.06701
0.06701
0.06701
0.06701
0.06701
0.06701
0.06701
0.06701
0.06701
0.06701
0.06701
0.06701
0.06701
0.06701
0.06701
0.06701
0.06701
0.06701
0.06701
0.06701
0.06701
0.06701
0.06701
0.06701
0.06701
0.06701
0.06701
0.06701
0.06701
0.06701
0.06701
0.06701
0.06701
0.06701
0.06701
0.06701
0.06701
0.06701
0.06701
0.06701
0.06649
0.09855
0.073225
0.073225
0.073225
0.073225
0.073225
0.073225
0.073225
0.073225
0.073225
0.073225
0.073225
0.073225
0.073225
0.073225
0.073225
0.073225
0.073225
0.073225
0.073225
0.073225
0.073225
0.073225
0.073225
0.073225
0.073225
0.073225
0.073225
0.073225
0.073225
0.073225
0.073225
0.073225
0.073225
0.073225
0.073225
0.073225
0.073225
0.073225
0.073225
0.073225
0.073225
0.073225
0.073225
0.073225
0.073225
0.073225
0.073225
0.073225
0.073225
0.073225
0.073225
0.073225
0.073225
0.073225
0.073225
0.073225
0.073225
0.073225
0.073225
0.073225
0.073225
0.073225
0.073225
0.073225
0.073225
0.073225
0.073225
0.073225
0.073225
0.073225
0.073225
0.073225
0.073225
0.073225
0.073225
0.073225
0.073225
0.073225
0.073225
0.073225
0.073225
0.073225
0.073225
0.073225
0.073225
0.073225
0.073225
0.073225
0.073225
0.073225
0.073225
0.073225
0.073225
0.073225
0.073225
0.073225
0.073225
0.073225
0.073225
0.073225
0.073225
0.073225
0.073225
0.073225
0.073225
0.073225
0.073225
0.073225
0.116655
0.08848
0.13408
0.10726
0.10726
0.10726
0.10726
0.168
0.133475
0.133475
0.133475
0.133475
0.133475
0.133475
0.133475
0.133475
0.133475
0.133475
0.133475
0.133475
0.133475
0.133475
0.133475
0.133475
0.133475
0.133475
0.133475
0.133475
0.133475
0.133475
0.133475
0.133475
0.133475
0.133475
0.133475
0.133475
0.133475
0.133475
0.133475
0.133475
0.133475
0.133475
0.133475
0.133475
0.133475
0.133475
0.13207
0.13207
0.13207
0.13207
0.13207
0.13207
0.13207
0.13207
0.13207
0.13207
0.13207
0.13207
0.13207
0.13207
0.13207
0.13207
0.13207
0.13207
0.13207
0.13207
0.13207
0.13207
0.13207
0.13207
0.13207
0.13207
0.13207
0.13207
0.13207
0.13207
0.13207
0.13207
0.13207
0.13207
0.13207
0.13207
0.13207
0.13207
0.13207
0.13207
0.13207
0.13207
0.13207
0.13207
0.13207
0.13207
0.13207
0.13207
0.13207
0.13207
0.13207
0.13207
0.13207
0.13207
0.13207
0.13207
0.13207
0.13207
0.13207
0.13207
0.13207
0.13207
0.13207
0.13207
0.13207
0.13207
0.13207
0.13207
0.13207
0.13207
0.13207
0.13207
0.13207
0.13207
0.13207
0.13207
0.13207
0.13207
0.13207
0.13207
0.13207
0.13207
0.13207
0.13207
0.13207
0.13207
0.13207
0.13207
0.13207
0.13207
0.13207
0.13207
0.13207
0.13207
0.13207
0.13207
0.13207
0.130665
0.130665
0.130665
0.130665
0.130665
0.130665
0.130665
0.130665
0.130665
0.130665
0.12926
0.12926
0.12926
0.12926
0.127855
0.127855
0.127855
0.127855
0.127855
0.12645
0.12645
0.12645
0.12645
0.12645
0.12645
0.12645
0.12645
0.12645
0.12645
0.12645
0.12645
0.12645
0.12645
0.125045
0.125045
0.125045
0.125045
0.125045
0.125045
0.125045
0.125045
0.125045
0.12364
0.12364
0.12364
0.122235
0.122235
0.12083
0.12083
0.119425
0.11802
0.11802
0.116615
0.116615
0.116615
0.116615
0.116615
0.116615
0.116615
0.116615
0.116615
0.116615
0.116615
0.116615
0.116615
0.116615
0.116615
0.116615
0.116615
0.116615
0.116615
0.116615
0.116615
0.116615
0.116615
0.116615
0.116615
0.116615
0.116615
0.116615
0.116615
0.116615
0.116615
0.116615
0.11521
0.11521
0.113805
0.113805
0.113805
0.113805
0.113805
0.1124
0.1124
0.1124
0.1124
0.1124
0.1124
0.1124
0.1124
0.1124
0.1124
0.1124
0.1124
0.1124
0.1124
0.1124
0.1124
0.1124
0.1124
0.110995
0.110995
0.110995
0.110995
0.110995
0.110995
0.110995
0.110995
0.110995
0.10959
0.10959
0.10959
0.10959
0.10959
0.10959
0.10959
0.10959
0.10959
0.10959
0.10959
0.10959
0.10959
0.10959
0.10959
0.10959
0.10959
0.108185
0.108185
0.108185
0.108185
0.108185
0.108185
0.108185
0.108185
0.108185
0.108185
0.108185
0.108185
0.108185
0.108185
0.108185
0.108185
0.108185
0.108185
0.108185
0.108185
0.108185
0.108185
0.108185
0.108185
0.108185
0.108185
0.108185
0.108185
0.108185
0.108185
0.108185
0.10678
0.10678
0.10678
0.10397
0.10397
0.10397
0.10397
0.10397
0.10397
0.10397
0.10397
0.102565
0.102565
0.102565
0.099755
0.099755
0.099755
0.099755
0.099755
0.099755
0.09835
0.09835
0.09835
0.09835
0.09835
0.09835
0.096945
0.096945
0.096945
0.096945
0.096945
0.096945
0.096945
0.096945
0.096945
0.096945
0.096945
0.096945
0.091325
0.091325
0.08992
0.08992
0.08992
0.08992
0.08992
0.088515
0.088515
0.088515
0.088515
0.088515
0.088515
0.088515
0.088515
0.088515
0.088515
0.088515
0.088515
0.08711
0.08711
0.08711
0.08711
0.08711
0.08711
0.08711
0.08711
0.08711
0.08711
0.08711
0.08711
0.08711
0.08711
0.08711
0.08711
0.08711
0.08711
0.08711
0.08711
0.08711
0.085705
0.0843
0.0843
0.0843
0.0843
0.0843
0.0843
0.08149
0.08149
0.08149
0.080085
0.080085
0.080085
0.080085
0.080085
0.07868
0.07868
0.07868
0.07868
0.077275
0.077275
0.077275
0.07587
0.074465
0.07306
0.071655
0.07025
0.07025
0.07025
0.07025
0.07025
0.07025
0.07025
0.07025
0.07025
0.07025
0.07025
0.07025
0.068845
0.068845
0.068845
0.068845
0.068845
0.068845
0.068845
0.068845
0.068845
0.068845
0.068845
0.068845
0.068845
0.068845
0.068845
0.068845
0.068845
0.068845
0.068845
0.068845
0.06744
0.066035
0.06463
0.06463
0.063225
0.063225
0.06182
0.06182
0.06182
0.06182
0.06182
0.06182
0.060415
0.060415
0.05901
0.05901
0.057605
0.057605
0.057605
0.057605
0.057605
0.057605
0.057605
0.057605
0.057605
0.057605
0.057605
0.0562
0.054795
0.05339
0.051985
0.05058
0.049175
0.049175
0.049175
0.04777
0.04777
0.04777
0.046365
0.043555
0.043555
0.04215
0.040745
0.03934
0.03934
0.037935
0.037935
0.037935
0.037935
0.037935
0.03653
0.03653
0.03653
0.03653
0.03653
0.03653
0.035125
0.035125
0.03372
0.03091
0.0281
0.026695
0.02529
0.02529
0.021075
0.021075
0.01967
0.01967
0.018265
0.015455
0.015455
0.015455
0.015455
0.015455
0.015455
0.015455
0.01405
0.01405
0.01405
0.01396
