0.011
0.199475
0.1772
0.1772
0.1772
0.1772
0.1772
0.1772
0.1772
0.1772
0.1772
0.1772
0.1772
0.1772
0.1772
0.1772
0.1772
0.1772
0.1772
0.1772
0.1772
0.1772
0.1772
0.1772
0.1772
0.1772
0.1772
0.1772
0.1772
0.1772
0.2611
0.211775
0.211775
0.219975
0.219975
0.211775
0.338075
0.277975
0.277975
0.277975
0.277975
0.277975
0.277975
0.277975
0.277975
0.277975
0.277975
0.277975
0.277975
0.277975
0.277975
0.277975
0.277975
0.277975
0.277975
0.277975
0.277975
0.277975
0.277975
0.277975
0.277975
0.277975
0.277975
0.277975
0.277975
0.4124
0.498575
0.5621
0.44975
0.44975
0.417625
0.3855
0.353375
0.32125
0.32125
0.32125
0.32125
0.32125
0.257
0.032125
0.032125
0.032125
0.032125
0.010175
