0.042105
0.04105
0.03425
0.03425
0.03425
0.03425
0.03425
0.03425
0.03425
0.03425
0.03425
0.03425
0.03425
0.03425
0.03425
0.03425
0.03425
0.03425
0.03425
0.03425
0.03425
0.03425
0.03425
0.03425
0.03425
0.03425
0.03425
0.03425
0.03425
0.03425
0.03425
0.03425
0.03425
0.03425
0.03425
0.03425
0.03425
0.03425
0.03425
0.03425
0.03425
0.03425
0.03425
0.03425
0.03425
0.03425
0.03425
0.03425
0.03425
0.03425
0.03425
0.03425
0.03425
0.03425
0.03425
0.03425
0.03425
0.03425
0.03425
0.03425
0.03425
0.03425
0.03425
0.03425
0.03425
0.03425
0.03425
0.03425
0.03425
0.03425
0.03425
0.03425
0.03425
0.03425
0.03425
0.03425
0.03425
0.03425
0.03425
0.03425
0.03425
0.03425
0.03425
0.03425
0.03425
0.03425
0.03425
0.03425
0.03425
0.03425
0.03425
0.03425
0.03425
0.03425
0.03425
0.03425
0.03425
0.03425
0.03425
0.03425
0.03425
0.03425
0.03425
0.03425
0.03425
0.03425
0.03425
0.03425
0.03425
0.03425
0.03425
0.03425
0.03425
0.03425
0.03425
0.03425
0.03425
0.03425
0.03425
0.03425
0.03425
0.03425
0.03425
0.03425
0.03425
0.03425
0.03425
0.03425
0.03425
0.03425
0.03425
0.03425
0.03425
0.03425
0.03425
0.03425
0.03425
0.03425
0.03425
0.03425
0.03425
0.03425
0.03425
0.03425
0.03425
0.03425
0.03425
0.03425
0.03425
0.03425
0.03425
0.03425
0.03425
0.03425
0.03425
0.03425
0.03425
0.03425
0.03425
0.03425
0.03425
0.03425
0.03425
0.03425
0.03425
0.03425
0.03425
0.03425
0.03425
0.03425
0.03425
0.03425
0.03425
0.03425
0.03425
0.03425
0.03425
0.03425
0.03425
0.03425
0.03425
0.03425
0.03425
0.03425
0.03425
0.03425
0.03425
0.03425
0.03425
0.03425
0.03425
0.03425
0.03425
0.03425
0.03425
0.03425
0.03425
0.03425
0.03425
0.03425
0.03425
0.03425
0.03425
0.03425
0.03425
0.03425
0.03425
0.03425
0.03425
0.03425
0.03425
0.03425
0.03425
0.03425
0.03425
0.03425
0.03425
0.03425
0.03425
0.03425
0.03425
0.03425
0.03425
0.03425
0.03425
0.03425
0.03425
0.03425
0.03425
0.03425
0.03425
0.03425
0.03425
0.03425
0.03425
0.03425
0.03425
0.03425
0.03425
0.03425
0.03425
0.03425
0.03425
0.03425
0.03425
0.03425
0.03425
0.03425
0.03425
0.03425
0.03425
0.03425
0.03425
0.03425
0.03425
0.03425
0.03425
0.03425
0.03425
0.03425
0.03425
0.03425
0.03425
0.03425
0.03425
0.03425
0.03425
0.03425
0.03425
0.03425
0.03425
0.03425
0.03425
0.03425
0.03425
0.03425
0.03425
0.03425
0.03425
0.03425
0.03425
0.03425
0.03425
0.03425
0.03425
0.03425
0.03425
0.03425
0.03425
0.03425
0.03425
0.03425
0.03425
0.03425
0.03425
0.03425
0.03425
0.03425
0.03425
0.03425
0.03425
0.03425
0.03425
0.03425
0.03425
0.03425
0.03425
0.03425
0.03425
0.03425
0.03425
0.03425
0.03425
0.03425
0.03425
0.03425
0.03425
0.03425
0.03425
0.03425
0.03425
0.03425
0.03425
0.03425
0.03425
0.03425
0.03425
0.03425
0.03425
0.03425
0.03425
0.03425
0.03425
0.03425
0.03425
0.03425
0.03425
0.03425
0.03425
0.03425
0.03425
0.03425
0.03425
0.03425
0.03425
0.03425
0.03425
0.03425
0.03425
0.03425
0.03425
0.03425
0.03425
0.03425
0.03425
0.03425
0.03425
0.03425
0.03425
0.03425
0.03425
0.03425
0.03425
0.03425
0.03425
0.03425
0.03425
0.03425
0.03425
0.03425
0.03425
0.03425
0.03425
0.03425
0.03425
0.03425
0.03425
0.03425
0.03425
0.03425
0.03425
0.03425
0.03425
0.03425
0.03425
0.03425
0.03425
0.03425
0.03425
0.03425
0.03425
0.03425
0.03425
0.03425
0.03425
0.03425
0.03425
0.03425
0.03425
0.03425
0.03425
0.03425
0.03425
0.03425
0.03425
0.03425
0.03425
0.03425
0.03425
0.03425
0.03387
0.042735
0.033765
0.033765
0.033765
0.033765
0.033765
0.033765
0.033765
0.033765
0.033765
0.033765
0.033765
0.033765
0.033765
0.033765
0.033765
0.033765
0.033765
0.033765
0.033765
0.033765
0.033765
0.033765
0.033765
0.033765
0.033765
0.033765
0.033765
0.033765
0.033765
0.033765
0.033765
0.033765
0.033765
0.033765
0.033765
0.033765
0.033765
0.033765
0.033765
0.033765
0.033765
0.033765
0.033765
0.033765
0.033765
0.033765
0.033765
0.033765
0.033765
0.033765
0.033765
0.033765
0.033765
0.033765
0.033765
0.033765
0.033765
0.033765
0.033765
0.033765
0.033765
0.033765
0.033765
0.033765
0.033765
0.033765
0.033765
0.033765
0.033765
0.033765
0.033765
0.033765
0.033765
0.033765
0.033765
0.033765
0.033765
0.033765
0.033765
0.033765
0.033765
0.033765
0.033765
0.033765
0.033765
0.033765
0.033765
0.033765
0.033765
0.033765
0.033765
0.033765
0.033765
0.033765
0.033765
0.033765
0.033765
0.033765
0.033765
0.033765
0.033765
0.033765
0.033765
0.033765
0.033765
0.033765
0.033765
0.033765
0.033765
0.033765
0.033765
0.033765
0.033765
0.033765
0.033765
0.033765
0.033765
0.033765
0.033765
0.033765
0.033765
0.033765
0.033765
0.033765
0.033765
0.033765
0.033765
0.033765
0.033765
0.0457
0.0356
0.0356
0.0356
0.0349
0.054285
0.04332
0.04332
0.04332
0.04332
0.04332
0.04332
0.04332
0.04332
0.04332
0.04332
0.04332
0.04332
0.04332
0.04332
0.04332
0.04332
0.04332
0.04332
0.04332
0.04332
0.04332
0.04332
0.04332
0.04332
0.04332
0.04332
0.04332
0.04332
0.04332
0.04332
0.04332
0.04332
0.04332
0.04332
0.04332
0.04332
0.04332
0.04332
0.04332
0.04332
0.04332
0.04332
0.04332
0.04332
0.04332
0.04332
0.04332
0.04332
0.04332
0.04332
0.04332
0.04332
0.04332
0.04332
0.04332
0.04332
0.04332
0.04332
0.04332
0.04332
0.04332
0.04332
0.04332
0.04332
0.04332
0.04332
0.04332
0.04332
0.04332
0.04332
0.04332
0.04332
0.04332
0.04332
0.04332
0.04332
0.04332
0.04332
0.04332
0.04332
0.04332
0.04332
0.04332
0.04332
0.04332
0.04332
0.04332
0.04332
0.04332
0.04332
0.04332
0.04332
0.04332
0.04332
0.04332
0.04332
0.04332
0.04332
0.04332
0.04332
0.04332
0.04332
0.04332
0.04332
0.04332
0.04332
0.04332
0.04332
0.04332
0.04332
0.04332
0.04332
0.04332
0.04332
0.04332
0.04332
0.04332
0.06763
0.053115
0.053115
0.053115
0.053115
0.053115
0.053115
0.053115
0.053115
0.053115
0.053115
0.053115
0.053115
0.051935
0.08225
0.066035
0.066035
0.066035
0.066035
0.066035
0.066035
0.066035
0.066035
0.06463
0.06463
0.06463
0.06463
0.06463
0.06463
0.06463
0.06463
0.06463
0.06463
0.06325
0.063225
0.063225
0.063225
0.063225
0.063225
0.063225
0.063225
0.063225
0.063225
0.063225
0.063225
0.063225
0.063225
0.063225
0.063225
0.063225
0.063225
0.063225
0.063225
0.063225
0.063225
0.063225
0.063225
0.063225
0.063225
0.063225
0.06182
0.06182
0.06182
0.06182
0.06182
0.06182
0.06182
0.06182
0.06182
0.06182
0.06182
0.06182
0.06182
0.06182
0.06182
0.06182
0.06182
0.06182
0.06182
0.06182
0.06182
0.06182
0.06182
0.06182
0.06182
0.06182
0.06182
0.06182
0.06182
0.06182
0.06182
0.06182
0.06182
0.06182
0.06182
0.06182
0.06182
0.06182
0.06182
0.06182
0.06182
0.06182
0.06182
0.06182
0.06182
0.06182
0.06182
0.06182
0.06182
0.06182
0.06182
0.06182
0.06182
0.06182
0.06182
0.06182
0.06182
0.06182
0.06182
0.06182
0.06182
0.06182
0.06182
0.06182
0.06182
0.06182
0.06182
0.06182
0.06182
0.06182
0.06182
0.06182
0.06182
0.06182
0.06182
0.06182
0.06182
0.06182
0.06182
0.06182
0.06182
0.06182
0.06182
0.06182
0.06182
0.06182
0.06182
0.06182
0.06182
0.06182
0.06182
0.06182
0.06182
0.06182
0.06182
0.06182
0.06182
0.06182
0.06182
0.06182
0.06182
0.06182
0.06182
0.06182
0.06182
0.06182
0.06182
0.06182
0.06182
0.06182
0.06182
0.06182
0.06182
0.06182
0.06182
0.060415
0.060415
0.060415
0.060415
0.060415
0.060415
0.060415
0.060415
0.060415
0.060415
0.060415
0.05901
0.05901
0.05901
0.05901
0.05901
0.05901
0.05901
0.05901
0.05901
0.05901
0.05901
0.05901
0.05901
0.05901
0.05901
0.057605
0.057605
0.057605
0.057605
0.057605
0.057605
0.057605
0.057605
0.057605
0.057605
0.057605
0.057605
0.057605
0.057605
0.057605
0.057605
0.057605
0.057605
0.057605
0.057605
0.057605
0.057605
0.057605
0.057605
0.057605
0.057605
0.057605
0.057605
0.057605
0.057605
0.057605
0.057605
0.057605
0.057605
0.057605
0.057605
0.057605
0.057605
0.057605
0.057605
0.057605
0.057605
0.0562
0.0562
0.0562
0.0562
0.0562
0.0562
0.0562
0.0562
0.0562
0.0562
0.0562
0.0562
0.0562
0.0562
0.0562
0.0562
0.0562
0.0562
0.0562
0.0562
0.0562
0.0562
0.0562
0.0562
0.0562
0.0562
0.0562
0.0562
0.0562
0.0562
0.0562
0.0562
0.0562
0.0562
0.0562
0.0562
0.0562
0.0562
0.0562
0.0562
0.0562
0.0562
0.054795
0.054795
0.054795
0.054795
0.054795
0.054795
0.054795
0.054795
0.054795
0.054795
0.054795
0.054795
0.054795
0.054795
0.054795
0.054795
0.054795
0.054795
0.054795
0.054795
0.054795
0.054795
0.054795
0.054795
0.054795
0.054795
0.054795
0.054795
0.054795
0.054795
0.054795
0.054795
0.054795
0.054795
0.054795
0.054795
0.054795
0.054795
0.054795
0.054795
0.054795
0.054795
0.054795
0.054795
0.054795
0.054795
0.05339
0.05339
0.05339
0.05339
0.05339
0.05339
0.05339
0.05339
0.05339
0.05339
0.05339
0.05339
0.05339
0.05339
0.05339
0.05339
0.05339
0.051985
0.051985
0.051985
0.051985
0.051985
0.051985
0.051985
0.051985
0.051985
0.051985
0.051985
0.051985
0.051985
0.051985
0.051985
0.051985
0.051985
0.051985
0.051985
0.05058
0.049175
0.049175
0.049175
0.049175
0.049175
0.049175
0.049175
0.049175
0.04777
0.04777
0.04777
0.04777
0.04777
0.04777
0.04777
0.04777
0.04777
0.04777
0.04777
0.04777
0.04777
0.04777
0.04777
0.04777
0.04777
0.046365
0.046365
0.04496
0.04215
0.04215
0.04215
0.04215
0.04215
0.04215
0.04215
0.04215
0.04215
0.04215
0.04215
0.04215
0.04215
0.04215
0.04215
0.04215
0.04215
0.040745
0.040745
0.040745
0.040745
0.040745
0.040745
0.040745
0.040745
0.040745
0.03934
0.03934
0.03934
0.03934
0.03934
0.03934
0.03934
0.03934
0.03934
0.03934
0.03934
0.037935
0.03653
0.035125
0.03372
0.032315
0.03091
0.03091
0.03091
0.029505
0.029505
0.029505
0.029505
0.0281
0.0281
0.0281
0.0281
0.0281
0.026695
0.026695
0.026695
0.026695
0.026695
0.026695
0.026695
0.026695
0.023885
0.023885
0.023885
0.023885
0.023885
0.023885
0.023885
0.023885
0.023885
0.023885
0.023885
0.023885
0.023885
0.023885
0.02248
0.02248
0.02248
0.02248
0.02248
0.021075
0.021075
0.01967
0.01967
0.018265
0.018265
0.018265
0.018265
0.018265
0.018265
0.018265
0.018265
0.018265
0.018265
0.018265
0.018265
0.018265
0.018265
0.018265
0.018265
0.01686
0.01686
0.01686
0.01686
0.01686
0.01686
0.01686
0.01686
0.01405
0.01124
0.00843
0.00843
0.010875
